349,137
349,136
349,135
349,134
377,35
349,132
349,131
349,130
349,129
349,128
349,127
349,126
349,125
349,124
349,123
349,122
349,121
349,120
349,119
349,118
349,117
349,116
349,115
349,114
349,113
349,112
349,111
349,110
349,109
349,108
349,107
349,106
349,105
349,104
349,103
349,102
349,101
349,100
349,99
349,98
349,97
349,96
349,95
349,94
349,93
349,92
349,91
349,90
349,89
349,88
349,87
349,86
349,85
349,84
349,83
349,82
349,81
349,80
349,79
349,78
349,77
349,76
8,12
8,16
296,0
295,3
295,2
295,1
295,0
294,3
294,2
294,1
294,0
293,3
293,2
293,1
293,0
292,3
292,2
292,1
292,0
291,3
291,2
291,1
291,0
290,3
290,2
290,1
290,0
289,3
289,2
289,1
289,0
288,3
288,2
288,1
288,0
287,3
19,1
287,2
287,1
19,3
287,0
286,3
286,2
286,1
286,0
285,3
285,2
285,1
285,0
284,3
284,2
284,1
284,0
283,3
283,2
283,1
283,0
282,3
282,2
282,1
282,0
281,5
281,4
281,3
281,2
281,1
281,0
280,1
280,3
20,3
20,2
20,1
19,2
14,15
12,3
18,1
12,2
18,3
12,1
11,28
11,22
